19.622000
38.901000
52.351000
65.011000
54.318000
54.301000
30.185000
86.290000
140.142000
51.909000
74.415000
96.674000
34.045000
57.234000
74.143000
44.865000
48.001000
39.915000
46.899000
47.765000
50.321000
57.832000
94.082000
48.287000
39.920000
38.670000
57.784000
49.032000
53.161000
47.014000
44.360000
41.129000
99.509000
53.489000
44.222000
48.612000
45.322000
54.955000
60.044000
51.577000
49.601000
53.551000
55.272000
62.752000
67.297000
72.898000
64.329000
59.951000
57.772000
95.418000
129.271000
75.223000
66.737000
66.014000
64.413000
73.961000
68.496000
71.191000
108.885000
77.375000
69.801000
87.261000
86.580000
73.531000
98.454000
81.803000
77.229000
88.498000
81.460000
81.068000
117.781000
97.071000
83.356000
101.369000
88.238000
88.426000
98.379000
99.049000
119.152000
108.211000
109.074000
113.454000
112.995000
104.276000
98.538000
112.684000
108.196000
123.668000
107.289000
135.127000
125.110000
116.289000
103.700000
106.764000
112.364000
106.528000
112.820000
108.836000
113.551000
112.860000
119.394000
118.401000
119.322000
121.628000
124.819000
120.652000
121.471000
123.446000
125.879000
125.656000
127.574000
146.039000
131.452000
135.180000
155.187000
138.069000
154.460000
139.917000
139.590000
165.897000
153.348000
160.560000
153.513000
161.662000
165.338000
178.091000
154.116000
168.319000
149.673000
163.052000
152.401000
156.271000
155.167000
164.426000
154.017000
177.815000
171.804000
205.281000
174.021000
168.991000
170.441000
171.212000
168.481000
309.751000
434.644000
224.425000
190.035000
203.753000
255.428000
193.797000
198.852000
184.537000
193.942000
376.276000
342.507000
280.475000
261.264000
282.240000
303.449000
195.514000
374.917000
215.247000
207.843000
196.386000
268.025000
204.702000
198.479000
206.449000
199.511000
207.788000
215.775000
220.535000
219.170000
209.584000
214.474000
213.441000
212.833000
389.057000
285.569000
268.267000
296.497000
238.161000
222.491000
223.858000
242.593000
242.224000
231.764000
235.139000
443.323000
241.370000
246.780000
286.735000
249.799000
241.933000
245.528000
247.763000
260.973000
247.660000
391.226000
249.580000
252.980000
252.897000
269.945000
462.434000
257.710000
441.901000
259.327000
275.168000
316.652000
396.831000
303.937000
379.815000
387.899000
326.237000
304.531000
341.078000
316.389000
292.151000
291.865000
444.247000
533.080000
728.900000
354.766000
447.613000
416.229000
373.457000
344.444000
312.507000
315.847000
352.880000
311.552000
325.578000
322.694000
339.802000
372.960000
409.668000
423.263000
501.336000
334.884000
547.008000
3.123000
3.184000
2.928000
2.827000
4.911000
3.144000
3.175000
2.597000
3.444000
3.528000
2.993000
3.032000
2.763000
2.754000
3.897000
3.194000
2.989000
2.754000
3.019000
3.421000
3.982000
2.469000
2.626000
2.514000
2.693000
3.477000
2.778000
3.117000
3.143000
3.307000
3.453000
3.292000
3.319000
2.928000
2.361000
2.553000
4.205000
2.798000
2.490000
2.713000
2.636000
3.825000
3.719000
2.663000
2.769000
2.382000
2.871000
4.578000
2.608000
2.552000
2.524000
2.669000
5.611000
3.047000
2.782000
3.011000
3.571000
7.024000
3.004000
3.267000
3.528000
16.190000
5.894000
2.692000
2.554000
2.264000
3.113000
5.352000
2.957000
3.730000
4.162000
6.302000
2.912000
2.745000
3.657000
3.785000
4.594000
2.818000
3.443000
4.251000
4.608000
3.550000
4.072000
2.998000
6.401000
3.277000
3.336000
3.311000
4.531000
3.818000
3.290000
3.822000
3.568000
4.432000
3.181000
3.263000
3.797000
3.908000
3.538000
2.998000
3.378000
3.286000
3.837000
5.054000
23.930000
10.864000
4.768000
11.076000
6.218000
25.342000
4.285000
4.745000
7.412000
3.576000
3.881000
4.002000
4.675000
3.522000
3.652000
4.050000
3.786000
2.899000
3.533000
3.008000
4.091000
