0.552091 0.804150 0.333427 0.189460 0.475787 0.769865 0.554981 0.989363 0.440832 0.753562 0.070396 0.779467 0.263435 0.310898 0.977332 0.834037 0.011917 0.375883 0.105579 0.351363 -7847.799839
0.340815 0.848575 0.164722 0.262128 0.915640 0.508715 0.959012 0.430008 0.429632 0.940445 0.508570 0.174439 0.544852 0.959574 0.368149 0.592484 0.058181 0.757718 0.211294 0.348478 -9001.597794
0.462963 0.084362 0.018519 0.804527 0.668724 0.936214 0.043210 0.845679 0.125514 0.709877 0.500000 0.030864 0.602881 0.664609 0.030864 0.487654 0.685185 0.314815 0.804527 0.528807 -5095.117868
0.826475 0.189986 0.024005 0.334019 0.782579 0.666895 0.332647 0.667353 0.665981 0.111797 0.952675 0.665981 0.667353 0.111797 0.018519 0.619342 0.955418 0.169410 0.667353 0.174897 -5409.622438
0.667353 0.073388 0.667353 0.775720 0.664609 0.951303 0.050069 0.860768 0.148834 0.701646 0.498628 0.037723 0.668724 0.332647 0.000686 0.487654 0.689300 0.295610 0.811385 0.532922 -5037.300902
0.623457 0.072016 0.512346 0.779835 0.668724 0.952675 0.047325 0.858025 0.141975 0.705761 0.331276 0.030864 0.668724 0.450617 0.002058 0.487654 0.689300 0.298354 0.812757 0.668724 -5269.140252
0.627572 0.067901 0.553498 0.783951 0.672840 0.956790 0.047325 0.862140 0.141975 0.705761 0.512346 0.034979 0.668724 0.446502 0.006173 0.487654 0.697531 0.298354 0.820988 0.524691 -5240.624289
0.672840 0.067901 0.672840 0.771605 0.668724 0.952675 0.047325 0.858025 0.146091 0.697531 0.454733 0.030864 0.331276 0.306584 0.002058 0.487654 0.685185 0.294239 0.804527 0.561728 -5669.147499
0.672840 0.076132 0.664609 0.771605 0.672840 0.952675 0.047325 0.862140 0.150206 0.701646 0.331276 0.030864 0.713992 0.314815 0.002058 0.487654 0.685185 0.290123 0.808642 0.668724 -4890.444482
0.826475 0.172154 0.039095 0.276406 0.800412 0.668724 0.331276 0.667353 0.332647 0.113169 0.945816 0.664609 0.668724 0.067901 0.000686 0.331276 0.960905 0.159808 0.672840 0.224280 -6596.056219
0.665981 0.076132 0.664609 0.771605 0.676955 0.956790 0.043210 0.866255 0.150206 0.701646 0.331276 0.026749 0.755144 0.266804 0.002058 0.331276 0.685185 0.286008 0.812757 0.635802 -5136.497906
0.685185 0.080247 0.718107 0.783951 0.672840 0.956790 0.047325 0.870370 0.150206 0.697531 0.368313 0.030864 0.742798 0.277778 0.002058 0.545267 0.685185 0.286008 0.808642 0.672840 -4656.878332
0.697531 0.080247 0.767490 0.796296 0.676955 0.969136 0.043210 0.890947 0.141975 0.697531 0.401235 0.030864 0.796296 0.240741 0.002058 0.606996 0.689300 0.277778 0.808642 0.681070 -4490.628638
0.709877 0.036351 0.794925 0.825103 0.716735 0.999314 0.011660 0.940329 0.668724 0.708505 0.332647 0.667353 0.866255 0.207819 0.000686 0.332647 0.778464 0.258573 0.889575 0.681070 -5012.227173
0.709877 0.039095 0.800412 0.825103 0.718107 0.997942 0.010288 0.940329 0.672840 0.709877 0.347737 0.549383 0.866255 0.207819 0.006173 0.409465 0.779835 0.257202 0.878601 0.681070 -5202.228448
0.718107 0.010288 0.816872 0.331276 0.742798 0.999314 0.002058 0.965021 0.557613 0.713992 0.331276 0.668724 0.331276 0.183128 0.002058 0.331276 0.790809 0.253086 0.911523 0.697531 -6526.823073
0.778464 0.000686 0.703018 0.999314 0.889575 0.999314 0.667353 0.974623 0.778464 0.332647 0.667353 0.667353 0.332647 0.110425 0.000686 0.332647 0.889575 0.110425 0.879973 0.667353 -5912.446246
0.709877 0.080247 0.788066 0.816872 0.685185 0.977366 0.039095 0.895062 0.129630 0.697531 0.331276 0.043210 0.833333 0.220165 0.002058 0.635802 0.697531 0.277778 0.808642 0.685185 -4519.874940
0.709877 0.039095 0.792181 0.890947 0.709877 0.997942 0.018519 0.936214 0.331276 0.705761 0.331276 0.668724 0.919753 0.211934 0.002058 0.351852 0.759259 0.261317 0.890947 0.685185 -5978.982765
0.778464 0.002058 0.738683 0.997942 0.889575 0.999314 0.667353 0.997942 0.927984 0.331276 0.331276 0.890947 0.331276 0.667353 0.002058 0.281893 0.890947 0.110425 0.915638 0.667353 -6978.425752
0.716735 0.014403 0.779835 0.890947 0.779835 0.997942 0.006173 0.952675 0.829218 0.701646 0.667353 0.667353 0.901920 0.109053 0.000686 0.306584 0.800412 0.221536 0.331276 0.331276 -5557.348050
0.705761 0.033608 0.783951 0.853909 0.742798 0.997942 0.039095 0.943073 0.678326 0.331276 0.668724 0.332647 0.882716 0.109053 0.002058 0.331276 0.763374 0.220165 0.767490 0.615226 -5383.655403
0.705761 0.034979 0.783951 0.845679 0.726337 0.997942 0.018519 0.936214 0.689300 0.331276 0.331276 0.331276 0.899177 0.109053 0.002058 0.343621 0.759259 0.240741 0.792181 0.631687 -6067.131791
0.709877 0.030864 0.783951 0.845679 0.730453 0.997942 0.014403 0.944444 0.775720 0.660494 0.672840 0.660494 0.882716 0.170782 0.002058 0.290123 0.783951 0.244856 0.845679 0.672840 -4208.053181
0.697531 0.080247 0.783951 0.804527 0.681070 0.969136 0.043210 0.895062 0.109053 0.718107 0.331276 0.006173 0.833333 0.228395 0.002058 0.672840 0.685185 0.277778 0.808642 0.689300 -4380.543881
0.890947 0.006173 0.890947 0.331276 0.890947 0.331276 0.006173 0.993827 0.993827 0.895062 0.997942 0.895062 0.327160 0.002058 0.002058 0.109053 0.969136 0.109053 0.104938 0.890947 -7731.914758
0.676955 0.080247 0.779835 0.779835 0.672840 0.956790 0.047325 0.890947 0.072016 0.779835 0.327160 0.006173 0.829218 0.236626 0.006173 0.709877 0.672840 0.277778 0.808642 0.693416 -4266.666019
0.899177 0.109053 0.002058 0.220165 0.890947 0.331276 0.668724 0.668724 0.927984 0.034979 0.331276 0.779835 0.779835 0.002058 0.006173 0.800412 0.993827 0.104938 0.331276 0.072016 -6137.183351
0.709877 0.030864 0.783951 0.858025 0.730453 0.997942 0.010288 0.944444 0.820988 0.685185 0.685185 0.664609 0.899177 0.166667 0.002058 0.273663 0.783951 0.248971 0.870370 0.676955 -4323.240379
0.701646 0.014403 0.783951 0.841564 0.738683 0.997942 0.668724 0.956790 0.730453 0.668724 0.792181 0.668724 0.895062 0.096708 0.002058 0.331276 0.796296 0.232510 0.890947 0.672840 -4034.918941
0.665981 0.002058 0.808642 0.890947 0.713992 0.999314 0.667353 0.965021 0.665981 0.778464 0.890947 0.331276 0.331276 0.034979 0.000686 0.331276 0.779835 0.253086 0.899177 0.682442 -5600.706137
0.693416 0.007545 0.804527 0.837449 0.733196 0.999314 0.668724 0.969136 0.331276 0.332647 0.890947 0.668724 0.965021 0.073388 0.000686 0.332647 0.792181 0.236626 0.890947 0.683813 -5882.255625
0.701646 0.014403 0.783951 0.837449 0.734568 0.997942 0.667353 0.956790 0.778464 0.713992 0.783951 0.672840 0.911523 0.096708 0.002058 0.331276 0.796296 0.232510 0.890947 0.672840 -4037.077547
0.693416 0.010288 0.783951 0.889575 0.734568 0.999314 0.668724 0.965021 0.775720 0.726337 0.796296 0.672840 0.940329 0.092593 0.002058 0.331276 0.796296 0.236626 0.331276 0.664609 -4789.932383
0.332647 0.010288 0.783951 0.332647 0.737311 0.997942 0.331276 0.963649 0.782579 0.703018 0.793553 0.686557 0.969136 0.110425 0.000686 0.332647 0.796296 0.233882 0.853909 0.675583 -6156.199248
0.993827 0.006173 0.993827 0.002058 0.997942 0.997942 0.997942 0.002058 0.002058 0.993827 0.002058 0.002058 0.006173 0.002058 0.993827 0.993827 0.993827 0.997942 0.993827 0.993827 -8753.503346
0.890947 0.002058 0.785322 0.331276 0.744170 0.997942 0.778464 0.965021 0.816872 0.738683 0.807270 0.672840 0.951303 0.072016 0.000686 0.331276 0.808642 0.667353 0.827846 0.667353 -4370.366163
0.903292 0.002058 0.783951 0.331276 0.746914 0.997942 0.779835 0.965021 0.820988 0.738683 0.808642 0.672840 0.952675 0.067901 0.006173 0.331276 0.808642 0.668724 0.829218 0.668724 -4413.833242
0.763374 0.002058 0.804527 0.467078 0.713992 0.997942 0.755144 0.965021 0.767490 0.742798 0.792181 0.672840 0.932099 0.121399 0.000686 0.331276 0.808642 0.668724 0.808642 0.652263 -3908.818608
0.746914 0.010288 0.792181 0.783951 0.726337 0.997942 0.668724 0.956790 0.746914 0.705761 0.788066 0.672840 0.903292 0.104938 0.002058 0.331276 0.800412 0.331276 0.820988 0.672840 -3886.177597
0.778464 0.002058 0.808642 0.779835 0.332647 0.999314 0.742798 0.981481 0.783951 0.759259 0.816872 0.681070 0.965021 0.096708 0.002058 0.331276 0.820988 0.331276 0.331276 0.331276 -6259.669131
0.738683 0.010288 0.792181 0.779835 0.767490 0.997942 0.668724 0.956790 0.746914 0.705761 0.783951 0.672840 0.903292 0.109053 0.002058 0.331276 0.796296 0.331276 0.825103 0.697531 -3867.947260
0.738683 0.002058 0.816872 0.331276 0.738683 0.997942 0.779835 0.969136 0.792181 0.331276 0.793553 0.681070 0.936214 0.137860 0.002058 0.331276 0.812757 0.681070 0.820988 0.676955 -4865.602244
0.734568 0.002058 0.808642 0.557613 0.738683 0.997942 0.738683 0.965021 0.759259 0.742798 0.783951 0.672840 0.927984 0.129630 0.006173 0.327160 0.808642 0.668724 0.820988 0.676955 -3619.500425
0.006173 0.006173 0.997942 0.006173 0.993827 0.002058 0.997942 0.997942 0.006173 0.002058 0.997942 0.002058 0.002058 0.002058 0.993827 0.006173 0.993827 0.997942 0.006173 0.993827 -7680.481729
0.726337 0.002058 0.808642 0.331276 0.800412 0.997942 0.759259 0.969136 0.771605 0.755144 0.775720 0.672840 0.940329 0.125514 0.002058 0.318930 0.812757 0.685185 0.866255 0.742798 -4178.413311
0.890947 0.000686 0.889575 0.332647 0.926612 0.332647 0.989712 0.999314 0.790809 0.890947 0.889575 0.890947 0.331276 0.069273 0.002058 0.332647 0.889575 0.963649 0.999314 0.331276 -8390.759811
0.734568 0.000686 0.815501 0.332647 0.778464 0.997942 0.778464 0.975995 0.815501 0.332647 0.331276 0.672840 0.999314 0.103567 0.000686 0.313443 0.815501 0.778464 0.840192 0.889575 -5996.047594
0.713992 0.002058 0.804527 0.676955 0.771605 0.997942 0.701646 0.965021 0.759259 0.738683 0.796296 0.672840 0.940329 0.133745 0.002058 0.323045 0.808642 0.635802 0.845679 0.718107 -3516.542593
0.713992 0.002058 0.808642 0.668724 0.771605 0.997942 0.718107 0.960905 0.755144 0.742798 0.783951 0.667353 0.927984 0.129630 0.002058 0.323045 0.804527 0.668724 0.833333 0.705761 -3368.886015
0.006173 0.993827 0.993827 0.997942 0.997942 0.002058 0.002058 0.993827 0.006173 0.002058 0.002058 0.006173 0.002058 0.002058 0.006173 0.006173 0.997942 0.006173 0.006173 0.997942 -6944.145103
0.697531 0.006173 0.820988 0.734568 0.808642 0.993827 0.755144 0.936214 0.738683 0.759259 0.746914 0.668724 0.886831 0.104938 0.006173 0.318930 0.775720 0.734568 0.775720 0.685185 -2943.388999
0.331276 0.004801 0.829218 0.788066 0.837449 0.997942 0.788066 0.919753 0.735940 0.783951 0.738683 0.668724 0.890947 0.084362 0.002058 0.314815 0.759259 0.779835 0.746914 0.676955 -3727.475799
0.331276 0.002058 0.890947 0.331276 0.899177 0.997942 0.897805 0.940329 0.890947 0.889575 0.889575 0.331276 0.989712 0.040466 0.668724 0.110425 0.746914 0.903292 0.778464 0.889575 -6606.240474
0.667353 0.000686 0.840192 0.889575 0.892318 0.999314 0.764746 0.934842 0.701646 0.889575 0.332647 0.332647 0.908779 0.061043 0.000686 0.667353 0.778464 0.752401 0.332647 0.712620 -5135.890068
0.993827 0.997942 0.997942 0.993827 0.993827 0.993827 0.997942 0.997942 0.002058 0.997942 0.104938 0.006173 0.327160 0.002058 0.006173 0.002058 0.993827 0.997942 0.997942 0.997942 -9757.745854
0.002058 0.993827 0.997942 0.002058 0.993827 0.002058 0.997942 0.997942 0.002058 0.006173 0.002058 0.993827 0.993827 0.993827 0.993827 0.002058 0.993827 0.006173 0.997942 0.993827 -8753.503346
0.689300 0.006173 0.812757 0.866255 0.820988 0.997942 0.697531 0.919753 0.734568 0.779835 0.742798 0.331276 0.895062 0.080247 0.002058 0.339506 0.759259 0.327160 0.771605 0.668724 -4506.301894
0.672840 0.002058 0.825103 0.779835 0.825103 0.997942 0.771605 0.923868 0.734568 0.771605 0.734568 0.676955 0.870370 0.088477 0.002058 0.327160 0.759259 0.746914 0.746914 0.672840 -2927.831750
0.331276 0.000686 0.827846 0.793553 0.841564 0.997942 0.782579 0.923868 0.332647 0.805898 0.738683 0.679698 0.892318 0.088477 0.000686 0.323045 0.763374 0.792181 0.742798 0.682442 -4504.058701
0.997942 0.997942 0.997942 0.002058 0.997942 0.997942 0.993827 0.006173 0.002058 0.002058 0.993827 0.997942 0.006173 0.006173 0.006173 0.993827 0.993827 0.006173 0.002058 0.993827 -8416.818355
0.002058 0.002058 0.997942 0.993827 0.002058 0.993827 0.997942 0.993827 0.993827 0.002058 0.002058 0.997942 0.006173 0.002058 0.006173 0.006173 0.006173 0.993827 0.006173 0.997942 -7667.888400
0.672840 0.006173 0.820988 0.742798 0.825103 0.997942 0.767490 0.919753 0.734568 0.759259 0.734568 0.672840 0.890947 0.096708 0.006173 0.314815 0.763374 0.755144 0.755144 0.672840 -2952.057307
0.685185 0.006173 0.833333 0.783951 0.808642 0.993827 0.763374 0.944444 0.734568 0.771605 0.738683 0.672840 0.849794 0.092593 0.006173 0.327160 0.771605 0.738683 0.763374 0.689300 -2904.974821
0.689300 0.006173 0.833333 0.779835 0.808642 0.993827 0.763374 0.944444 0.734568 0.779835 0.738683 0.672840 0.849794 0.096708 0.002058 0.339506 0.771605 0.738683 0.759259 0.689300 -2911.471040
0.331276 0.000686 0.840192 0.856653 0.889575 0.999314 0.790809 0.944444 0.781207 0.332647 0.792181 0.692044 0.889575 0.061043 0.000686 0.667353 0.767490 0.779835 0.740055 0.675583 -4132.088055
0.685185 0.006173 0.833333 0.779835 0.816872 0.997942 0.771605 0.944444 0.738683 0.746914 0.746914 0.676955 0.853909 0.084362 0.002058 0.335391 0.771605 0.738683 0.771605 0.685185 -2926.163069
0.331276 0.002058 0.841564 0.890947 0.890947 0.997942 0.788066 0.944444 0.788066 0.331276 0.796296 0.694787 0.890947 0.059671 0.002058 0.668724 0.767490 0.788066 0.734568 0.676955 -4240.070313
0.104938 0.668724 0.965021 0.993827 0.997942 0.993827 0.997942 0.997942 0.993827 0.327160 0.989712 0.331276 0.993827 0.006173 0.002058 0.327160 0.890947 0.331276 0.104938 0.890947 -9619.413119
0.685185 0.006173 0.820988 0.783951 0.808642 0.997942 0.746914 0.944444 0.730453 0.779835 0.730453 0.672840 0.849794 0.092593 0.002058 0.306584 0.763374 0.734568 0.763374 0.685185 -2883.492067
0.997942 0.006173 0.993827 0.006173 0.993827 0.006173 0.006173 0.997942 0.997942 0.002058 0.002058 0.997942 0.993827 0.997942 0.993827 0.002058 0.993827 0.997942 0.006173 0.002058 -8416.818355
0.332647 0.002058 0.816872 0.779835 0.849794 0.997942 0.775720 0.944444 0.734568 0.668724 0.738683 0.689300 0.858025 0.072016 0.002058 0.668724 0.755144 0.755144 0.783951 0.667353 -3042.589927
0.331276 0.002058 0.808642 0.718107 0.853909 0.997942 0.775720 0.944444 0.734568 0.331276 0.746914 0.697531 0.849794 0.063786 0.002058 0.672840 0.746914 0.779835 0.890947 0.668724 -3881.404486
0.668724 0.002058 0.804527 0.779835 0.800412 0.997942 0.726337 0.940329 0.726337 0.771605 0.713992 0.676955 0.841564 0.084362 0.010288 0.335391 0.746914 0.730453 0.775720 0.672840 -2839.902584
0.667353 0.000686 0.331276 0.332647 0.889575 0.999314 0.889575 0.933471 0.778464 0.720850 0.790809 0.889575 0.926612 0.019890 0.000686 0.889575 0.778464 0.332647 0.889575 0.667353 -5547.800693
0.993827 0.006173 0.993827 0.997942 0.997942 0.006173 0.006173 0.993827 0.997942 0.006173 0.002058 0.002058 0.002058 0.002058 0.997942 0.997942 0.002058 0.993827 0.993827 0.993827 -8404.225026
0.331276 0.000686 0.823731 0.332647 0.852538 0.999314 0.788066 0.947188 0.731824 0.668724 0.751029 0.697531 0.890947 0.062414 0.000686 0.779835 0.742798 0.800412 0.800412 0.667353 -3886.616799
0.002058 0.002058 0.993827 0.006173 0.002058 0.002058 0.006173 0.993827 0.002058 0.993827 0.006173 0.997942 0.002058 0.997942 0.006173 0.997942 0.993827 0.997942 0.993827 0.993827 -8029.760049
0.417695 0.002058 0.816872 0.734568 0.833333 0.993827 0.759259 0.944444 0.730453 0.685185 0.722222 0.693416 0.853909 0.067901 0.006173 0.672840 0.746914 0.759259 0.796296 0.668724 -2864.373021
0.331276 0.002058 0.816872 0.713992 0.833333 0.997942 0.755144 0.944444 0.730453 0.685185 0.722222 0.697531 0.849794 0.063786 0.002058 0.668724 0.738683 0.767490 0.804527 0.668724 -2948.262301
0.672840 0.002058 0.808642 0.779835 0.796296 0.997942 0.722222 0.936214 0.726337 0.779835 0.709877 0.676955 0.845679 0.080247 0.018519 0.331276 0.746914 0.730453 0.783951 0.672840 -2842.582814
0.997942 0.006173 0.002058 0.993827 0.006173 0.002058 0.997942 0.993827 0.006173 0.006173 0.006173 0.993827 0.002058 0.997942 0.993827 0.002058 0.997942 0.997942 0.002058 0.993827 -8042.353378
0.006173 0.006173 0.002058 0.006173 0.993827 0.997942 0.006173 0.006173 0.997942 0.002058 0.997942 0.997942 0.006173 0.006173 0.997942 0.002058 0.993827 0.993827 0.002058 0.997942 -7693.075058
0.413580 0.002058 0.822359 0.683813 0.841564 0.997942 0.759259 0.944444 0.738683 0.331276 0.742798 0.705761 0.849794 0.055556 0.002058 0.672840 0.664609 0.779835 0.794925 0.668724 -3665.938097
0.442387 0.006173 0.816872 0.709877 0.820988 0.993827 0.742798 0.944444 0.730453 0.681070 0.722222 0.709877 0.845679 0.059671 0.006173 0.672840 0.713992 0.771605 0.792181 0.668724 -2766.891184
0.667353 0.002058 0.829218 0.331276 0.777092 0.997942 0.740055 0.944444 0.731824 0.704390 0.763374 0.716735 0.856653 0.048697 0.002058 0.668724 0.668724 0.804527 0.774348 0.779835 -2933.326991
0.332647 0.000686 0.926612 0.332647 0.889575 0.999314 0.889575 0.332647 0.889118 0.778464 0.889575 0.889575 0.332647 0.000686 0.000686 0.889575 0.332647 0.889575 0.889575 0.889575 -7420.046433
0.667353 0.000686 0.831962 0.331276 0.775720 0.997942 0.724966 0.962277 0.719479 0.709877 0.767490 0.718107 0.889575 0.036351 0.000686 0.668724 0.668724 0.820988 0.759259 0.779835 -3097.347009
0.993827 0.997942 0.006173 0.002058 0.997942 0.006173 0.006173 0.997942 0.006173 0.002058 0.006173 0.993827 0.997942 0.006173 0.002058 0.997942 0.993827 0.997942 0.997942 0.993827 -8429.411684
0.667353 0.002058 0.829218 0.331276 0.331276 0.999314 0.779835 0.923868 0.755144 0.705761 0.759259 0.713992 0.779835 0.059671 0.002058 0.676955 0.668724 0.800412 0.808642 0.779835 -3493.553330
0.672840 0.006173 0.812757 0.668724 0.755144 0.997942 0.734568 0.915638 0.738683 0.742798 0.726337 0.697531 0.808642 0.072016 0.006173 0.438272 0.681070 0.759259 0.771605 0.722222 -2523.293373
0.668724 0.002058 0.816872 0.668724 0.722222 0.997942 0.746914 0.907407 0.746914 0.705761 0.738683 0.705761 0.783951 0.063786 0.002058 0.668724 0.667353 0.771605 0.785322 0.779835 -1964.300987
0.332647 0.000686 0.808642 0.681070 0.331276 0.997942 0.762003 0.996571 0.332647 0.779835 0.778464 0.694787 0.332647 0.036351 0.002058 0.778464 0.692044 0.889575 0.803155 0.890947 -5460.567480
0.331276 0.002058 0.812757 0.708505 0.722222 0.997942 0.771605 0.915638 0.767490 0.722222 0.331276 0.705761 0.816872 0.059671 0.002058 0.704390 0.672840 0.779835 0.808642 0.775720 -3370.400499
0.331276 0.000686 0.812757 0.709877 0.712620 0.997942 0.775720 0.915638 0.771605 0.724966 0.332647 0.709877 0.808642 0.059671 0.002058 0.713992 0.667353 0.781207 0.808642 0.786694 -3378.046049
0.006173 0.006173 0.997942 0.006173 0.006173 0.997942 0.002058 0.006173 0.002058 0.006173 0.002058 0.006173 0.002058 0.997942 0.002058 0.006173 0.993827 0.002058 0.002058 0.006173 -5845.936829
0.997942 0.002058 0.997942 0.006173 0.997942 0.006173 0.993827 0.006173 0.993827 0.002058 0.006173 0.002058 0.002058 0.993827 0.997942 0.997942 0.993827 0.002058 0.006173 0.993827 -8042.353378
0.656379 0.002058 0.812757 0.668724 0.693416 0.997942 0.753772 0.890947 0.759259 0.705761 0.718107 0.701646 0.779835 0.063786 0.002058 0.664609 0.648148 0.771605 0.790809 0.808642 -2036.779141
0.685185 0.002058 0.820988 0.668724 0.722222 0.997942 0.738683 0.911523 0.742798 0.701646 0.751029 0.709877 0.771605 0.067901 0.002058 0.685185 0.668724 0.779835 0.783951 0.779835 -1939.635005
0.006173 0.997942 0.993827 0.002058 0.002058 0.006173 0.002058 0.997942 0.002058 0.002058 0.993827 0.993827 0.006173 0.993827 0.006173 0.006173 0.997942 0.993827 0.002058 0.002058 -7293.423423
0.689300 0.002058 0.829218 0.667353 0.331276 0.997942 0.742798 0.919753 0.755144 0.705761 0.746914 0.718107 0.779835 0.063786 0.002058 0.705761 0.668724 0.800412 0.804527 0.783951 -2729.024539
0.997942 0.993827 0.997942 0.006173 0.002058 0.002058 0.997942 0.997942 0.993827 0.006173 0.997942 0.006173 0.002058 0.993827 0.993827 0.002058 0.006173 0.006173 0.002058 0.993827 -8042.353378
0.709877 0.000686 0.837449 0.331276 0.331276 0.997942 0.755144 0.923868 0.763374 0.705761 0.759259 0.718107 0.779835 0.065158 0.002058 0.742798 0.664609 0.804527 0.808642 0.779835 -3425.957595
0.697531 0.006173 0.796296 0.746914 0.734568 0.997942 0.722222 0.907407 0.730453 0.742798 0.734568 0.693416 0.816872 0.076132 0.006173 0.331276 0.660494 0.759259 0.767490 0.734568 -2540.671103
0.681070 0.000686 0.825103 0.668724 0.665981 0.999314 0.742798 0.918381 0.751029 0.332647 0.778464 0.718107 0.779835 0.065158 0.000686 0.722222 0.660494 0.794925 0.779835 0.764746 -2742.141167
0.993827 0.997942 0.993827 0.997942 0.997942 0.993827 0.006173 0.002058 0.993827 0.993827 0.002058 0.997942 0.997942 0.002058 0.006173 0.002058 0.993827 0.993827 0.993827 0.002058 -9127.968323
0.815501 0.000686 0.819616 0.778464 0.332647 0.999314 0.778464 0.967764 0.889118 0.667353 0.779835 0.742798 0.333105 0.036351 0.000686 0.778464 0.679698 0.889118 0.332647 0.889575 -4953.517657
0.006173 0.997942 0.002058 0.002058 0.006173 0.006173 0.006173 0.997942 0.993827 0.006173 0.006173 0.002058 0.002058 0.997942 0.006173 0.002058 0.993827 0.002058 0.002058 0.993827 -6569.680126
0.709877 0.006173 0.804527 0.816872 0.701646 0.997942 0.672840 0.907407 0.746914 0.709877 0.751029 0.726337 0.829218 0.063786 0.002058 0.512346 0.660494 0.331276 0.796296 0.779835 -3148.070949
0.701646 0.002058 0.823731 0.779835 0.664609 0.997942 0.690672 0.903292 0.751029 0.685185 0.751029 0.742798 0.808642 0.051440 0.002058 0.668724 0.668724 0.331276 0.794925 0.793553 -2736.018778
0.713992 0.002058 0.833333 0.672840 0.668724 0.997942 0.734568 0.911523 0.751029 0.331276 0.788066 0.730453 0.779835 0.059671 0.002058 0.755144 0.668724 0.734568 0.783951 0.783951 -2664.427063
0.997942 0.997942 0.993827 0.006173 0.993827 0.002058 0.006173 0.002058 0.006173 0.006173 0.002058 0.993827 0.006173 0.002058 0.997942 0.002058 0.006173 0.997942 0.993827 0.002058 -7306.016752
0.668724 0.002058 0.845679 0.709877 0.672840 0.997942 0.734568 0.919753 0.746914 0.689300 0.331276 0.742798 0.808642 0.043210 0.002058 0.779835 0.668724 0.701646 0.808642 0.767490 -2784.853174
0.722222 0.002058 0.837449 0.672840 0.664609 0.993827 0.726337 0.919753 0.734568 0.672840 0.730453 0.734568 0.796296 0.055556 0.002058 0.734568 0.664609 0.697531 0.792181 0.779835 -2023.221425
0.006173 0.002058 0.993827 0.997942 0.997942 0.993827 0.997942 0.002058 0.006173 0.006173 0.002058 0.993827 0.006173 0.993827 0.993827 0.993827 0.997942 0.997942 0.997942 0.997942 -9153.154981
0.682442 0.000686 0.889575 0.790809 0.667353 0.997942 0.734568 0.940329 0.778464 0.704390 0.332647 0.783951 0.889575 0.015775 0.667353 0.889575 0.668724 0.701646 0.889575 0.786694 -3447.573702
0.742798 0.002058 0.827846 0.681070 0.678326 0.997942 0.665981 0.965021 0.778464 0.616598 0.731824 0.726337 0.332647 0.047325 0.019890 0.778464 0.676955 0.730453 0.800412 0.790809 -2992.699498
0.778464 0.000686 0.889575 0.778464 0.332647 0.999314 0.778464 0.965478 0.889575 0.889575 0.332647 0.779835 0.332647 0.000686 0.111797 0.926612 0.675583 0.332647 0.889575 0.889575 -6417.916579
0.672840 0.002058 0.845679 0.722222 0.693416 0.997942 0.722222 0.919753 0.746914 0.672840 0.331276 0.746914 0.804527 0.034979 0.080247 0.783951 0.672840 0.734568 0.820988 0.759259 -2811.337011
0.006173 0.997942 0.993827 0.006173 0.997942 0.002058 0.002058 0.993827 0.002058 0.997942 0.006173 0.006173 0.002058 0.006173 0.002058 0.993827 0.993827 0.006173 0.997942 0.002058 -7306.016752
0.689300 0.002058 0.820988 0.672840 0.664609 0.997942 0.734568 0.919753 0.751029 0.672840 0.738683 0.709877 0.779835 0.059671 0.006173 0.709877 0.685185 0.751029 0.788066 0.783951 -1984.905538
0.705761 0.002058 0.820988 0.668724 0.660494 0.997942 0.726337 0.915638 0.746914 0.668724 0.738683 0.722222 0.746914 0.063786 0.002058 0.709877 0.660494 0.746914 0.792181 0.763374 -1975.921187
0.697531 0.002058 0.820988 0.672840 0.734568 0.993827 0.734568 0.911523 0.738683 0.668724 0.738683 0.722222 0.746914 0.059671 0.002058 0.709877 0.668724 0.734568 0.783951 0.783951 -1873.979770
0.993827 0.002058 0.002058 0.006173 0.006173 0.002058 0.002058 0.997942 0.002058 0.002058 0.002058 0.993827 0.006173 0.997942 0.006173 0.002058 0.006173 0.993827 0.993827 0.006173 -6557.086797
0.993827 0.002058 0.993827 0.006173 0.006173 0.997942 0.997942 0.006173 0.993827 0.006173 0.002058 0.997942 0.006173 0.997942 0.997942 0.002058 0.006173 0.002058 0.997942 0.006173 -7693.075058
0.697531 0.006173 0.820988 0.668724 0.759259 0.993827 0.734568 0.911523 0.738683 0.672840 0.734568 0.718107 0.734568 0.055556 0.006173 0.713992 0.664609 0.722222 0.783951 0.792181 -1890.025176
0.779835 0.000686 0.889575 0.332647 0.331276 0.997942 0.737311 0.915638 0.762003 0.332647 0.785322 0.778464 0.778464 0.055556 0.000686 0.815501 0.668724 0.779835 0.815501 0.799040 -4340.950973
0.993827 0.993827 0.993827 0.002058 0.993827 0.002058 0.006173 0.002058 0.993827 0.993827 0.006173 0.993827 0.002058 0.997942 0.997942 0.002058 0.993827 0.002058 0.997942 0.997942 -8753.503346
0.002058 0.002058 0.997942 0.993827 0.006173 0.002058 0.993827 0.993827 0.993827 0.997942 0.006173 0.993827 0.997942 0.006173 0.993827 0.006173 0.997942 0.997942 0.002058 0.002058 -8404.225026
0.778464 0.000686 0.836077 0.778464 0.703018 0.999314 0.731824 0.926612 0.332647 0.332647 0.727709 0.778464 0.778464 0.036351 0.000686 0.790809 0.331276 0.778464 0.790809 0.815501 -4129.662987
0.697531 0.002058 0.820988 0.681070 0.738683 0.997942 0.738683 0.886831 0.730453 0.668724 0.660494 0.746914 0.783951 0.063786 0.006173 0.709877 0.681070 0.722222 0.779835 0.788066 -1879.494119
0.002058 0.002058 0.997942 0.993827 0.997942 0.993827 0.006173 0.997942 0.997942 0.006173 0.006173 0.002058 0.002058 0.993827 0.002058 0.993827 0.993827 0.997942 0.006173 0.006173 -8042.353378
0.701646 0.006173 0.816872 0.681070 0.664609 0.993827 0.734568 0.882716 0.726337 0.668724 0.701646 0.759259 0.779835 0.067901 0.002058 0.701646 0.693416 0.746914 0.779835 0.783951 -1843.502448
0.697531 0.002058 0.804527 0.672840 0.722222 0.997942 0.734568 0.862140 0.709877 0.668724 0.722222 0.783951 0.742798 0.063786 0.006173 0.697531 0.709877 0.734568 0.771605 0.796296 -1727.546711
0.993827 0.006173 0.997942 0.993827 0.993827 0.997942 0.997942 0.002058 0.997942 0.006173 0.002058 0.993827 0.002058 0.002058 0.997942 0.993827 0.993827 0.997942 0.006173 0.002058 -8779.498038
0.778464 0.000686 0.792181 0.778464 0.689300 0.999314 0.703018 0.849794 0.730453 0.331276 0.778464 0.779835 0.733196 0.059671 0.000686 0.332647 0.665981 0.785322 0.757888 0.803155 -3143.878306
0.722222 0.006173 0.792181 0.779835 0.331276 0.993827 0.709877 0.858025 0.722222 0.676955 0.734568 0.779835 0.792181 0.063786 0.002058 0.331276 0.685185 0.820988 0.792181 0.796296 -3205.938347
0.997942 0.002058 0.993827 0.993827 0.006173 0.993827 0.006173 0.006173 0.002058 0.006173 0.997942 0.997942 0.002058 0.002058 0.997942 0.006173 0.997942 0.997942 0.006173 0.997942 -8068.348070
0.697531 0.002058 0.796296 0.672840 0.726337 0.993827 0.722222 0.858025 0.709877 0.668724 0.734568 0.783951 0.742798 0.059671 0.006173 0.689300 0.718107 0.734568 0.783951 0.796296 -1701.717876
0.852538 0.000686 0.797668 0.741427 0.778464 0.999314 0.667353 0.940329 0.332647 0.554870 0.778464 0.790809 0.332647 0.026749 0.002058 0.778464 0.331276 0.778464 0.804527 0.815501 -4599.621103
0.742798 0.002058 0.796296 0.722222 0.701646 0.993827 0.697531 0.858025 0.734568 0.331276 0.763374 0.788066 0.722222 0.047325 0.002058 0.705761 0.701646 0.734568 0.783951 0.816872 -2360.566857
0.709877 0.006173 0.788066 0.685185 0.730453 0.993827 0.697531 0.858025 0.718107 0.668724 0.738683 0.792181 0.746914 0.051440 0.002058 0.681070 0.722222 0.738683 0.792181 0.808642 -1714.350067
0.664609 0.002058 0.820988 0.722222 0.685185 0.997942 0.718107 0.866255 0.718107 0.681070 0.327160 0.783951 0.816872 0.047325 0.006173 0.759259 0.697531 0.722222 0.816872 0.775720 -2578.496884
0.705761 0.002058 0.788066 0.681070 0.722222 0.993827 0.664609 0.833333 0.705761 0.627572 0.734568 0.778464 0.730453 0.059671 0.002058 0.689300 0.726337 0.734568 0.800412 0.796296 -1765.061702
0.697531 0.002058 0.816872 0.779835 0.693416 0.997942 0.697531 0.858025 0.734568 0.668724 0.738683 0.796296 0.796296 0.039095 0.002058 0.730453 0.697531 0.331276 0.804527 0.808642 -2539.072878
0.803155 0.000686 0.889575 0.889575 0.690672 0.999314 0.332647 0.889575 0.332647 0.332647 0.778464 0.889575 0.815501 0.006173 0.009374 0.889118 0.332647 0.889575 0.889575 0.889575 -6239.616453
0.779835 0.002058 0.779835 0.746914 0.713992 0.997942 0.890947 0.864883 0.675583 0.331276 0.734568 0.804527 0.741427 0.034979 0.002058 0.693416 0.331276 0.664609 0.788066 0.816872 -3435.986929
0.701646 0.002058 0.808642 0.779835 0.697531 0.997942 0.709877 0.833333 0.726337 0.668724 0.734568 0.808642 0.792181 0.034979 0.006173 0.742798 0.713992 0.331276 0.808642 0.820988 -2479.937608
0.002058 0.993827 0.993827 0.002058 0.993827 0.006173 0.002058 0.002058 0.997942 0.002058 0.993827 0.993827 0.993827 0.993827 0.002058 0.002058 0.006173 0.997942 0.993827 0.997942 -8379.038368
0.718107 0.002058 0.792181 0.779835 0.689300 0.997942 0.742798 0.775720 0.718107 0.668724 0.726337 0.804527 0.796296 0.030864 0.014403 0.742798 0.742798 0.331276 0.816872 0.841564 -2411.578493
0.002058 0.006173 0.993827 0.002058 0.002058 0.997942 0.993827 0.002058 0.002058 0.993827 0.993827 0.993827 0.006173 0.997942 0.997942 0.006173 0.993827 0.002058 0.993827 0.002058 -8017.166720
0.713992 0.006173 0.771605 0.709877 0.697531 0.981481 0.751029 0.833333 0.705761 0.668724 0.726337 0.792181 0.783951 0.043210 0.006173 0.681070 0.734568 0.718107 0.812757 0.804527 -1629.966021
0.701646 0.002058 0.779835 0.746914 0.685185 0.997942 0.808642 0.800412 0.331276 0.681070 0.327160 0.820988 0.858025 0.026749 0.014403 0.779835 0.726337 0.718107 0.829218 0.796296 -3286.670734
0.778464 0.002058 0.790809 0.332647 0.331276 0.999314 0.808642 0.827846 0.332647 0.779835 0.689300 0.778464 0.852538 0.039095 0.000686 0.779835 0.723594 0.790809 0.844307 0.804527 -4065.285476
0.705761 0.002058 0.796296 0.332647 0.690672 0.999314 0.763374 0.826475 0.678326 0.741427 0.332647 0.815501 0.816872 0.034979 0.002058 0.815501 0.722222 0.779835 0.829218 0.783951 -3258.737239
0.746914 0.006173 0.792181 0.331276 0.331276 0.993827 0.755144 0.858025 0.746914 0.746914 0.722222 0.763374 0.796296 0.055556 0.002058 0.755144 0.718107 0.816872 0.833333 0.783951 -3150.606237
0.734568 0.002058 0.755144 0.709877 0.709877 0.985597 0.763374 0.820988 0.705761 0.635802 0.730453 0.783951 0.755144 0.030864 0.006173 0.693416 0.734568 0.722222 0.820988 0.804527 -1620.175155
0.006173 0.997942 0.006173 0.006173 0.997942 0.006173 0.997942 0.006173 0.006173 0.006173 0.002058 0.997942 0.002058 0.002058 0.006173 0.002058 0.993827 0.997942 0.002058 0.993827 -6956.738432
0.755144 0.002058 0.767490 0.730453 0.701646 0.997942 0.749657 0.829218 0.724966 0.331276 0.751029 0.796296 0.701646 0.034979 0.002058 0.705761 0.722222 0.718107 0.796296 0.816872 -2283.243068
0.993827 0.997942 0.993827 0.002058 0.006173 0.002058 0.993827 0.997942 0.002058 0.002058 0.997942 0.006173 0.002058 0.006173 0.993827 0.993827 0.006173 0.993827 0.997942 0.997942 -8404.225026
0.997942 0.002058 0.006173 0.997942 0.002058 0.006173 0.997942 0.002058 0.006173 0.997942 0.006173 0.006173 0.006173 0.006173 0.002058 0.997942 0.997942 0.006173 0.006173 0.006173 -6607.460113
0.989712 0.002058 0.668724 0.997942 0.889575 0.997942 0.834705 0.997942 0.890947 0.667353 0.751029 0.963649 0.331276 0.000686 0.668724 0.331276 0.109053 0.963649 0.927984 0.965021 -7096.277327
0.779835 0.006173 0.771605 0.734568 0.701646 0.997942 0.779835 0.820988 0.718107 0.327160 0.746914 0.796296 0.709877 0.034979 0.006173 0.709877 0.722222 0.713992 0.796296 0.816872 -2298.735322
0.726337 0.002058 0.792181 0.779835 0.676955 0.993827 0.755144 0.775720 0.713992 0.668724 0.722222 0.792181 0.816872 0.026749 0.006173 0.734568 0.742798 0.331276 0.816872 0.837449 -2420.874836
0.889575 0.000229 0.779835 0.332647 0.332647 0.999314 0.762003 0.332647 0.778464 0.889575 0.332647 0.889575 0.963649 0.024005 0.000686 0.889575 0.889575 0.889575 0.889575 0.815043 -6433.533528
0.006173 0.006173 0.997942 0.002058 0.006173 0.002058 0.006173 0.997942 0.006173 0.006173 0.002058 0.002058 0.993827 0.006173 0.993827 0.997942 0.002058 0.002058 0.993827 0.002058 -6569.680126
0.722222 0.006173 0.759259 0.701646 0.701646 0.981481 0.763374 0.825103 0.693416 0.668724 0.726337 0.792181 0.779835 0.043210 0.002058 0.685185 0.738683 0.718107 0.820988 0.804527 -1626.575143
0.109053 0.006173 0.993827 0.993827 0.997942 0.331276 0.997942 0.993827 0.997942 0.327160 0.002058 0.993827 0.993827 0.002058 0.993827 0.993827 0.997942 0.109053 0.993827 0.997942 -10324.708454
0.006173 0.002058 0.993827 0.993827 0.993827 0.002058 0.993827 0.006173 0.006173 0.997942 0.997942 0.006173 0.002058 0.997942 0.002058 0.997942 0.993827 0.002058 0.993827 0.002058 -8029.760049
0.779835 0.000686 0.759259 0.779835 0.331276 0.997942 0.779835 0.816872 0.722222 0.331276 0.738683 0.808642 0.779835 0.030864 0.002058 0.685185 0.734568 0.734568 0.820988 0.816872 -3091.141040
0.722222 0.006173 0.771605 0.701646 0.709877 0.985597 0.759259 0.825103 0.705761 0.672840 0.734568 0.775720 0.759259 0.043210 0.006173 0.685185 0.734568 0.709877 0.820988 0.800412 -1587.642093
0.002058 0.002058 0.006173 0.006173 0.997942 0.002058 0.002058 0.993827 0.993827 0.993827 0.993827 0.002058 0.006173 0.006173 0.997942 0.997942 0.993827 0.993827 0.002058 0.997942 -8029.760049
0.730453 0.006173 0.788066 0.718107 0.705761 0.997942 0.759259 0.804527 0.709877 0.668724 0.746914 0.767490 0.742798 0.043210 0.006173 0.685185 0.746914 0.685185 0.833333 0.808642 -1651.215415
0.746914 0.010288 0.746914 0.701646 0.718107 0.960905 0.759259 0.820988 0.713992 0.664609 0.730453 0.759259 0.746914 0.034979 0.006173 0.685185 0.660494 0.701646 0.804527 0.783951 -1487.134943
0.997942 0.002058 0.997942 0.006173 0.002058 0.997942 0.993827 0.997942 0.002058 0.006173 0.993827 0.006173 0.006173 0.002058 0.002058 0.993827 0.006173 0.997942 0.006173 0.006173 -7318.610081
0.689300 0.006173 0.746914 0.709877 0.705761 0.973251 0.746914 0.820988 0.672840 0.693416 0.331276 0.808642 0.804527 0.034979 0.006173 0.746914 0.697531 0.709877 0.808642 0.783951 -2298.862321
0.701646 0.002058 0.707133 0.742798 0.331276 0.959534 0.779835 0.890947 0.676955 0.693416 0.331276 0.800412 0.889575 0.021262 0.039095 0.742798 0.697531 0.778464 0.816872 0.772977 -3331.723959
0.779835 0.006173 0.746914 0.742798 0.693416 0.965021 0.755144 0.808642 0.730453 0.331276 0.742798 0.767490 0.701646 0.036351 0.006173 0.705761 0.693416 0.705761 0.767490 0.800412 -2091.381880
0.746914 0.006173 0.730453 0.709877 0.331276 0.948560 0.746914 0.820988 0.742798 0.676955 0.779835 0.751029 0.779835 0.039095 0.006173 0.693416 0.713992 0.746914 0.804527 0.792181 -2097.387010
0.755144 0.010288 0.713992 0.718107 0.672840 0.919753 0.738683 0.796296 0.726337 0.664609 0.738683 0.738683 0.734568 0.039095 0.006173 0.693416 0.705761 0.697531 0.771605 0.779835 -1236.574359
0.759259 0.006173 0.697531 0.722222 0.660494 0.895062 0.734568 0.788066 0.734568 0.676955 0.738683 0.730453 0.734568 0.039095 0.006173 0.701646 0.722222 0.697531 0.783951 0.779835 -1158.931945
0.759259 0.002058 0.689300 0.726337 0.668724 0.890947 0.730453 0.783951 0.751029 0.689300 0.730453 0.730453 0.734568 0.043210 0.006173 0.718107 0.734568 0.693416 0.783951 0.779835 -1120.106143
0.757888 0.002058 0.685185 0.730453 0.660494 0.866255 0.726337 0.779835 0.759259 0.697531 0.726337 0.734568 0.738683 0.047325 0.006173 0.734568 0.742798 0.689300 0.779835 0.779835 -1059.824905
0.755144 0.002058 0.693416 0.783951 0.331276 0.890947 0.733196 0.786694 0.751029 0.705761 0.763374 0.751029 0.783951 0.043210 0.002058 0.331276 0.722222 0.778464 0.794925 0.796296 -2577.709193
0.804527 0.002058 0.701646 0.759259 0.681070 0.866255 0.816872 0.783951 0.722222 0.331276 0.722222 0.742798 0.779835 0.034979 0.002058 0.779835 0.331276 0.697531 0.742798 0.771605 -2558.075665
0.746914 0.006173 0.697531 0.734568 0.672840 0.820988 0.730453 0.783951 0.771605 0.685185 0.718107 0.751029 0.746914 0.051440 0.002058 0.746914 0.722222 0.689300 0.779835 0.779835 -960.328640
0.746914 0.006173 0.705761 0.734568 0.672840 0.808642 0.738683 0.779835 0.783951 0.664609 0.718107 0.759259 0.738683 0.055556 0.002058 0.746914 0.709877 0.689300 0.771605 0.783951 -975.967908
0.746914 0.006173 0.705761 0.746914 0.685185 0.800412 0.730453 0.783951 0.759259 0.664609 0.709877 0.755144 0.759259 0.047325 0.002058 0.759259 0.709877 0.685185 0.775720 0.779835 -943.559306
0.738683 0.006173 0.664609 0.755144 0.676955 0.796296 0.734568 0.779835 0.759259 0.685185 0.705761 0.751029 0.783951 0.043210 0.006173 0.759259 0.709877 0.689300 0.779835 0.779835 -979.758490
0.889575 0.002058 0.667353 0.889575 0.332647 0.332647 0.889575 0.889575 0.331276 0.667353 0.332647 0.889575 0.897805 0.000686 0.000686 0.889575 0.679698 0.778464 0.796296 0.889575 -5708.681125
0.788066 0.002058 0.713992 0.331276 0.742798 0.889575 0.755144 0.804527 0.746914 0.332647 0.730453 0.730453 0.715364 0.040466 0.000686 0.889575 0.672840 0.779835 0.738683 0.778464 -2773.340941
0.742798 0.006173 0.705761 0.742798 0.664609 0.796296 0.726337 0.771605 0.759259 0.660494 0.718107 0.746914 0.763374 0.043210 0.006173 0.759259 0.709877 0.689300 0.779835 0.779835 -950.561481
0.993827 0.006173 0.002058 0.997942 0.002058 0.006173 0.993827 0.993827 0.997942 0.997942 0.997942 0.002058 0.331276 0.006173 0.006173 0.006173 0.006173 0.997942 0.997942 0.993827 -8554.789150
0.993827 0.997942 0.006173 0.006173 0.002058 0.997942 0.993827 0.993827 0.997942 0.997942 0.993827 0.997942 0.327160 0.002058 0.002058 0.993827 0.993827 0.993827 0.997942 0.997942 -10014.507451
0.997942 0.002058 0.006173 0.002058 0.997942 0.997942 0.993827 0.006173 0.002058 0.006173 0.006173 0.997942 0.006173 0.993827 0.006173 0.002058 0.006173 0.002058 0.006173 0.002058 -6582.273455
0.701646 0.002058 0.709877 0.722222 0.718107 0.895062 0.742798 0.783951 0.697531 0.685185 0.331276 0.796296 0.788066 0.030864 0.002058 0.783951 0.705761 0.709877 0.783951 0.759259 -1881.984785
0.783951 0.002058 0.664609 0.722222 0.693416 0.825103 0.742798 0.759259 0.779835 0.331276 0.696159 0.742798 0.734568 0.030864 0.002058 0.792181 0.652263 0.722222 0.746914 0.767490 -1741.324533
0.734568 0.006173 0.709877 0.734568 0.689300 0.800412 0.726337 0.771605 0.759259 0.681070 0.676955 0.751029 0.779835 0.030864 0.002058 0.771605 0.713992 0.697531 0.783951 0.763374 -924.434685
0.792181 0.002058 0.693416 0.331276 0.665981 0.837449 0.751029 0.775720 0.751029 0.331276 0.705761 0.730453 0.718107 0.026749 0.000686 0.845679 0.670096 0.767490 0.734568 0.779835 -2563.399225
0.803155 0.000229 0.690672 0.778464 0.692044 0.889575 0.723594 0.783951 0.778006 0.332647 0.682442 0.740055 0.332647 0.000686 0.000229 0.889575 0.675583 0.778464 0.778006 0.333105 -3576.127685
0.742798 0.002058 0.705761 0.726337 0.689300 0.796296 0.722222 0.771605 0.755144 0.660494 0.681070 0.751029 0.759259 0.030864 0.006173 0.771605 0.709877 0.693416 0.771605 0.783951 -942.644040
0.734568 0.006173 0.713992 0.730453 0.689300 0.820988 0.734568 0.779835 0.759259 0.681070 0.685185 0.751029 0.763374 0.043210 0.006173 0.783951 0.722222 0.697531 0.771605 0.759259 -939.356907
0.734568 0.006173 0.709877 0.734568 0.664609 0.796296 0.726337 0.783951 0.763374 0.685185 0.685185 0.746914 0.783951 0.039095 0.002058 0.759259 0.718107 0.697531 0.783951 0.759259 -944.660354
0.746914 0.010288 0.713992 0.738683 0.693416 0.808642 0.726337 0.763374 0.759259 0.685185 0.697531 0.755144 0.759259 0.030864 0.002058 0.763374 0.722222 0.685185 0.783951 0.783951 -904.806077
0.002058 0.006173 0.006173 0.006173 0.997942 0.997942 0.002058 0.006173 0.993827 0.002058 0.002058 0.002058 0.006173 0.006173 0.002058 0.993827 0.006173 0.993827 0.997942 0.997942 -6944.145103
0.792181 0.002058 0.705761 0.697531 0.685185 0.820988 0.746914 0.742798 0.763374 0.331276 0.697531 0.751029 0.722222 0.018519 0.002058 0.783951 0.668724 0.722222 0.746914 0.759259 -1661.153453
0.746914 0.018519 0.722222 0.738683 0.697531 0.808642 0.734568 0.746914 0.759259 0.685185 0.689300 0.759259 0.763374 0.018519 0.006173 0.779835 0.726337 0.681070 0.771605 0.767490 -888.475018
0.993827 0.997942 0.993827 0.002058 0.993827 0.006173 0.006173 0.006173 0.997942 0.993827 0.997942 0.997942 0.993827 0.006173 0.993827 0.997942 0.997942 0.997942 0.002058 0.997942 -9527.619959
0.796296 0.006173 0.722222 0.685185 0.681070 0.804527 0.751029 0.730453 0.755144 0.331276 0.693416 0.755144 0.722222 0.002058 0.002058 0.779835 0.668724 0.718107 0.742798 0.751029 -1643.227089
0.006173 0.002058 0.993827 0.002058 0.993827 0.002058 0.006173 0.002058 0.993827 0.002058 0.993827 0.997942 0.997942 0.997942 0.997942 0.993827 0.002058 0.006173 0.006173 0.006173 -7667.888400
0.713992 0.006173 0.705761 0.742798 0.726337 0.825103 0.738683 0.742798 0.730453 0.668724 0.331276 0.783951 0.779835 0.010288 0.002058 0.808642 0.718107 0.705761 0.767490 0.734568 -1658.324702
0.796296 0.006173 0.722222 0.685185 0.685185 0.804527 0.751029 0.722222 0.755144 0.327160 0.685185 0.755144 0.722222 0.006173 0.002058 0.783951 0.672840 0.722222 0.746914 0.746914 -1643.364401
0.993827 0.997942 0.997942 0.997942 0.993827 0.002058 0.006173 0.002058 0.993827 0.002058 0.006173 0.006173 0.002058 0.002058 0.006173 0.002058 0.006173 0.006173 0.002058 0.002058 -6570.488160
0.751029 0.030864 0.722222 0.746914 0.697531 0.796296 0.734568 0.734568 0.759259 0.685185 0.664609 0.759259 0.783951 0.018519 0.006173 0.763374 0.726337 0.676955 0.771605 0.759259 -911.358821
0.779835 0.000686 0.727709 0.331276 0.682442 0.833333 0.746914 0.778464 0.746914 0.611111 0.689300 0.738683 0.738683 0.014403 0.002058 0.779835 0.701646 0.755144 0.755144 0.778464 -1804.098662
0.977366 0.002058 0.332647 0.332647 0.890947 0.778464 0.889575 0.332647 0.889575 0.109053 0.889575 0.890947 0.889575 0.000686 0.002058 0.890947 0.667353 0.889575 0.331276 0.889575 -6653.720696
0.006173 0.002058 0.993827 0.993827 0.006173 0.006173 0.997942 0.993827 0.997942 0.006173 0.993827 0.002058 0.002058 0.993827 0.006173 0.002058 0.002058 0.002058 0.997942 0.002058 -7293.423423
0.726337 0.006173 0.713992 0.746914 0.783951 0.800412 0.742798 0.726337 0.738683 0.668724 0.331276 0.779835 0.779835 0.006173 0.002058 0.820988 0.718107 0.697531 0.779835 0.722222 -1669.815157
0.746914 0.018519 0.726337 0.730453 0.709877 0.796296 0.742798 0.746914 0.759259 0.685185 0.664609 0.763374 0.759259 0.006173 0.002058 0.779835 0.726337 0.681070 0.783951 0.755144 -898.453494
0.746914 0.018519 0.722222 0.734568 0.697531 0.796296 0.746914 0.751029 0.763374 0.689300 0.705761 0.759259 0.763374 0.010288 0.006173 0.771605 0.726337 0.685185 0.783951 0.759259 -850.437913
0.006173 0.006173 0.006173 0.002058 0.002058 0.006173 0.006173 0.006173 0.002058 0.997942 0.993827 0.993827 0.002058 0.993827 0.002058 0.002058 0.002058 0.002058 0.006173 0.997942 -6195.215148
0.730453 0.002058 0.722222 0.713992 0.722222 0.746914 0.746914 0.742798 0.734568 0.722222 0.734568 0.767490 0.755144 0.006173 0.006173 0.742798 0.734568 0.734568 0.746914 0.746914 -687.578238
0.746914 0.018519 0.722222 0.709877 0.713992 0.771605 0.746914 0.746914 0.751029 0.693416 0.734568 0.759259 0.771605 0.006173 0.006173 0.746914 0.734568 0.697531 0.767490 0.759259 -764.617590
0.734568 0.006173 0.722222 0.722222 0.718107 0.759259 0.742798 0.742798 0.738683 0.697531 0.738683 0.771605 0.759259 0.002058 0.006173 0.746914 0.734568 0.713992 0.746914 0.751029 -716.588742
0.734568 0.002058 0.726337 0.709877 0.722222 0.742798 0.746914 0.742798 0.730453 0.730453 0.734568 0.759259 0.751029 0.006173 0.002058 0.783951 0.734568 0.738683 0.746914 0.783951 -729.410363
0.734568 0.006173 0.722222 0.705761 0.718107 0.746914 0.742798 0.746914 0.734568 0.730453 0.734568 0.759259 0.746914 0.006173 0.006173 0.746914 0.734568 0.738683 0.742798 0.746914 -683.240583
0.796296 0.002058 0.734568 0.689300 0.664609 0.796296 0.755144 0.718107 0.755144 0.331276 0.652263 0.746914 0.730453 0.006173 0.002058 0.792181 0.676955 0.734568 0.771605 0.722222 -1716.298972
0.751029 0.018519 0.726337 0.709877 0.705761 0.783951 0.759259 0.751029 0.763374 0.693416 0.734568 0.751029 0.779835 0.006173 0.006173 0.759259 0.734568 0.697531 0.783951 0.759259 -815.567198
0.755144 0.018519 0.730453 0.701646 0.713992 0.779835 0.751029 0.751029 0.759259 0.689300 0.734568 0.751029 0.771605 0.006173 0.002058 0.755144 0.734568 0.697531 0.778464 0.779835 -812.676210
0.993827 0.006173 0.993827 0.997942 0.002058 0.006173 0.997942 0.993827 0.997942 0.997942 0.002058 0.006173 0.002058 0.993827 0.997942 0.993827 0.993827 0.993827 0.997942 0.002058 -9140.561652
0.749657 0.000686 0.742798 0.778464 0.889575 0.332647 0.759259 0.687929 0.332647 0.668724 0.778464 0.722222 0.794925 0.000686 0.000686 0.889575 0.778464 0.678326 0.778464 0.890947 -3073.151673
0.790809 0.000686 0.718107 0.778464 0.790809 0.332647 0.782579 0.704390 0.724966 0.332647 0.722222 0.726337 0.792181 0.000686 0.000686 0.852538 0.332647 0.693416 0.753772 0.762003 -3155.190197
0.755144 0.018519 0.726337 0.718107 0.705761 0.783951 0.755144 0.755144 0.763374 0.697531 0.730453 0.751029 0.779835 0.002058 0.002058 0.779835 0.734568 0.697531 0.775720 0.779835 -833.455565
0.783951 0.010288 0.726337 0.681070 0.751029 0.775720 0.746914 0.697531 0.738683 0.331276 0.689300 0.755144 0.718107 0.022634 0.002058 0.783951 0.685185 0.722222 0.734568 0.755144 -1565.019455
0.751029 0.018519 0.730453 0.697531 0.722222 0.771605 0.746914 0.738683 0.746914 0.660494 0.734568 0.755144 0.763374 0.010288 0.002058 0.783951 0.734568 0.697531 0.763374 0.759259 -823.912370
0.803155 0.000686 0.705761 0.779835 0.741427 0.756516 0.816872 0.704390 0.742798 0.332647 0.667353 0.742798 0.778464 0.000686 0.000686 0.890947 0.332647 0.722222 0.745542 0.331276 -3306.629857
0.800412 0.006173 0.701646 0.734568 0.742798 0.664609 0.783951 0.709877 0.734568 0.327160 0.697531 0.730453 0.779835 0.014403 0.002058 0.816872 0.331276 0.705761 0.742798 0.738683 -2360.761520
0.783951 0.000686 0.723594 0.778464 0.779835 0.332647 0.783951 0.698903 0.726337 0.332647 0.778464 0.727709 0.889575 0.000686 0.000686 0.889575 0.331276 0.703018 0.745542 0.752401 -3448.117632
0.759259 0.002058 0.730453 0.331276 0.697531 0.796296 0.742798 0.779835 0.734568 0.668724 0.696159 0.738683 0.737311 0.006173 0.002058 0.779835 0.713992 0.778464 0.741427 0.763374 -1582.395931
0.997942 0.002058 0.997942 0.002058 0.993827 0.006173 0.993827 0.993827 0.006173 0.006173 0.997942 0.997942 0.993827 0.002058 0.002058 0.997942 0.002058 0.993827 0.997942 0.002058 -8418.434423
