-8623.576412
-8617.905752
-6594.515094
-8623.895976
-7024.544461
-5564.421157
-7044.741838
-7630.929483
-7390.102587
-8203.922976
-6901.656918
-6318.779165
-5587.368331
-6609.325116
-5458.514627
-5446.866502
-4656.154877
-4623.888710
-4698.395080
-4595.022054
-5955.624670
-4471.576520
-3683.696141
-3688.724699
-3744.503687
-3656.302252
-4307.164402
-4107.463432
-3892.064684
-4772.414596
-4012.468655
-4294.981221
-4314.703834
-3499.367851
-5421.837931
-8552.273760
-3454.112870
-4271.559544
-3794.251344
-4657.122454
-5143.911153
-3479.988220
-5349.763348
-8404.225026
-4283.907197
-3420.326087
-4190.419573
-4144.904975
-3329.691163
-10027.100780
-3209.670177
-8354.704555
-7316.443019
-3124.144064
-8404.225026
-7693.075058
-4847.643031
-3093.876201
-4976.936354
-8416.818355
-6426.084472
-8791.283333
-3106.245462
-8004.573391
-3089.652738
-10181.435014
-3093.240635
-2370.520644
-3128.737713
-2404.984103
-3345.023626
-2380.315674
-2284.720814
-7655.295071
-3016.793892
-7242.695281
-7343.796739
-7680.481729
-4758.155729
-2117.038004
-3750.738222
-8054.946707
-7667.888400
-2932.498147
-5102.485197
-3852.751704
-6345.740457
-8404.225026
-6536.184827
-6544.493468
-8429.411684
-7293.423423
-5056.663564
-9527.619959
-7680.481729
-8766.096675
-3024.727334
-2134.262929
-8766.096675
-8766.096675
-4939.225623
-2123.981988
-4534.589614
-6956.738432
-3735.729846
-7306.016752
-2830.323024
-7293.423423
-4669.502248
-2755.436387
-9141.369686
-1972.423416
-1848.433063
-3713.917145
-7318.610081
-1832.798899
-2871.630545
-2884.512333
-7667.888400
-6866.863010
-3599.208637
-3613.064234
-1811.836180
-3735.607841
-3608.248542
-3481.147589
-7693.075058
-8042.353378
-7293.423423
-6391.872284
-4523.931971
-2713.663758
-8753.503346
-1925.782846
-8391.631697
-1746.952910
-1633.449934
-1234.947994
-1041.019654
-1005.056938
-1000.140635
-2072.305200
-951.406435
-3479.302691
-936.801388
-1770.099751
-3844.668740
-1736.525208
-1006.050459
-2684.516335
-1924.747955
-838.854213
-847.581626
-901.765238
-736.879911
-597.963154
-557.500550
-1499.569524
-8055.754741
-605.425389
-3020.690078
-532.358333
-550.140272
-1451.795132
-472.004655
-475.146204
-473.120651
-454.601554
-423.126919
-1257.751224
-397.494610
-4516.796413
-404.777124
-446.824284
-1209.515878
-1253.481437
-516.470704
-2113.268336
-394.316716
-403.154424
-7402.333356
-1986.973876
-392.351604
-400.638907
-383.081503
-7693.075058
-1254.436134
-359.586657
-2213.503517
-305.448153
-282.117000
-8017.166720
-281.305120
-2031.475067
-283.634276
-452.395676
-1496.571123
-2110.579810
-1305.725615
-276.719381
-354.103127
-278.278567
-283.938651
-282.431478
-10061.929380
-345.444998
-2167.122249
-344.183704
-1335.181912
-2050.382723
-2163.060710
-1234.163836
-475.402366
-261.284702
-2052.503497
-8054.946707
-369.635588
-1179.883833
-1324.490568
-423.378810
-1171.129880
-1304.052641
-3081.471484
-249.762131
-333.963597
-7667.888400
-305.154130
-3361.215648
-5572.887597
-245.229489
-385.341758
-6906.365116
-328.285346
-9640.404096
-8042.353378
-460.083019
-235.240138
-4484.125171
-8404.225026
-7318.610081
-1214.689605
-6918.958445
-1983.011689
-231.347853
-2179.558134
-310.515239
-1208.177477
-3187.851794
-232.459702
-8043.969445
-1968.118205
-2126.375102
-1465.865252
-1701.818942
-2374.682025
-1546.689410
-2665.428920
-3190.379161
-1364.305694
-683.240733
-1654.304095
-1589.466777
-2025.882880
-2862.554034
-1792.182868
-3064.295032
-2667.167171
-1583.911998
-1701.441764
-683.240733
-1976.826121
-2226.916018
-2073.532920
-2378.424653
-1699.819282
-1080.968867
-2448.801366
-1977.603892
-2338.919828
-683.240733
-1855.731586
-1691.115352
-2175.427234
-1005.720119
-2127.722903
-2036.719180
-1504.021617
-2187.351806
-2231.501826
-683.240733
-1261.000758
-1446.334102
-1025.108958
-2057.367991
-1635.102786
-1545.756366
-1896.097369
-2040.617206
-2483.901996
-683.240733
-2037.386485
-1320.422877
-1932.512752
-1720.098094
-1905.423129
-1855.854550
-1005.849269
-1803.489299
-1484.103450
-683.240733
-1655.178714
-954.553432
-1779.286326
-1818.733577
-2261.611613
-2695.886626
-1660.965137
-1299.309749
-1250.825316
-683.240733
-2277.315003
-1852.390529
-1551.404185
-1177.742974
-1011.411143
-2325.511325
-2318.863147
-1305.873790
-1180.910792
-683.240733
-1379.675906
-874.796428
-1688.853309
-1474.352847
-1761.285699
-1969.792361
-1516.018542
-1492.756928
-1287.242541
-683.240733
-1707.901210
-921.109660
-1086.780757
-2321.952136
-1710.720700
-2007.003558
-1879.250735
-2138.429210
-1145.539790
-683.240733
-1239.654836
-825.996837
-2432.534377
-1240.485438
-1837.790004
-1390.646815
-1022.567546
-1230.047809
-1121.253901
-683.240733
-1633.827388
-1222.420146
-1444.826289
-1228.402415
-1799.940219
-597.136104
-1638.790653
-1460.431879
-1594.635211
-597.136104
-1816.640468
-1727.222133
-1868.781676
-939.573375
-1524.032733
-1396.460917
-1226.521747
-1351.121005
-1342.883113
-597.136104
-1390.991790
-827.672145
-1343.660808
-915.256343
-906.541682
-1316.576106
-1133.965968
-1814.889613
-1398.520717
-597.136104
-2021.012362
-1768.078464
-1159.168330
-2567.500537
-1262.985548
-986.695476
-1947.802709
-1728.258861
-1258.062663
-597.136104
-1559.306819
-1747.518847
-1242.468368
-1668.115909
-2520.891292
-2258.589335
-1218.118205
-2088.984031
-2044.085551
-597.136104
-2217.276271
-1913.110194
-1836.168468
-1010.357753
-855.235133
-2833.274341
-1357.365108
-1151.061275
-1216.952876
-597.136104
-2360.652442
-2462.741551
-1677.517985
-1979.639949
-2169.332179
-1476.573749
-1226.909251
-2079.708812
-1993.363559
-597.136104
-1373.744731
-614.943324
-1420.272853
-2285.694207
-2418.829646
-2414.632953
-2619.438731
-1046.924357
-2385.332152
-597.136104
-1793.644725
-1620.815944
-820.313899
-1102.631053
-1057.091716
-1509.917018
-2593.792010
-2695.237895
-1127.015697
-597.136104
-1036.599849
-1324.092359
-1150.197948
-1649.557460
-1232.679394
-1657.311564
-1223.769923
-1543.528270
-1404.585475
-597.136104
-1479.060039
-1185.715358
-2072.945415
-1820.012645
-1618.719264
-1733.781047
-2578.845093
-2072.445422
-1577.118579
-597.136104
-1259.829600
-1374.551280
-1981.304496
-1497.904380
-2026.039306
-778.007625
-1367.698878
-2456.327754
-1567.382518
-597.136104
-828.283559
-853.178462
-1412.836741
-2771.227229
-1130.134685
-2183.095691
-1402.890246
-2093.151988
-1255.225215
-597.136104
-1541.348968
-1970.300502
-1515.109706
-1416.641040
-1519.133677
-1906.873103
-1938.445216
-1456.148479
-1402.909495
-597.136104
-2054.511683
-1850.249709
-1514.982615
-1850.515415
-1360.630023
-1691.908175
-858.059047
-2596.309681
-1675.861560
-597.136104
-1172.896358
-1706.327876
-1982.688083
-2244.885278
-1447.958766
-1759.022838
-1125.938472
-1682.255317
-929.843028
-597.136104
-1769.644697
-1598.122401
-1772.063869
-2550.402125
-2484.153811
-1238.633235
-1183.265239
-1796.807200
-1560.212504
-597.136104
-1209.413447
-1273.438396
-1852.069514
-2133.334212
-1946.852500
-1595.544139
-1802.004439
-1310.197764
-2671.247367
-597.136104
-959.975673
-1436.470994
-1195.575709
-1945.256324
-1549.071139
-696.854671
-1065.221065
-1696.494891
-1483.611209
-597.136104
-2021.565051
-1461.446727
-1298.628016
-1279.069598
-1706.168361
-1154.893825
-810.950496
-1131.643449
-1359.126246
-597.136104
-2065.831012
-1075.920680
-1823.193950
-1077.478160
-1550.086192
-1923.653300
-1650.531444
-1020.805934
-1173.321071
-597.136104
-1923.322093
-1969.338084
-1281.813243
-2349.762347
-1420.836701
-2599.591701
-1352.654676
-1319.518088
-2304.277675
-597.136104
-1507.112361
-1514.331401
-1913.455459
-1834.779536
-1237.577170
-1895.910536
-2038.187255
-1896.834977
-2394.390956
-597.136104
-1434.620662
-1625.335830
-2255.723249
-1252.607339
-2624.202960
-1951.953523
-1991.818449
-1698.242457
-1339.977839
-597.136104
-764.433314
-905.049724
-733.220088
-2301.773345
-1959.255504
-1712.605792
-2112.814082
-928.633906
-1706.324840
-597.136104
-1124.481883
-1563.180324
-1747.809998
-1724.375728
-1112.380504
-2033.211085
-1154.120265
-1150.679690
-1368.812350
-597.136104
-1017.299815
-1871.801719
-1418.017634
-2047.177531
-962.735209
-1666.117106
-2343.432460
-1781.717230
-1401.539485
-597.136104
-899.943965
-1078.573222
-1733.473943
-2648.676227
-2272.640863
-1817.255885
-1026.953563
-1059.575267
-1393.955383
-597.136104
-1252.416911
-967.762431
-1724.740077
-1167.726527
-1699.672908
-1541.095119
-1426.047641
-1695.235057
-2238.600013
-597.136104
-1336.500041
-2062.655776
-1284.021968
-1064.789157
-1875.021091
-1086.315074
-1419.588065
-1140.747188
-2269.234614
-597.136104
-1787.967254
-1255.945399
-1385.993007
-1867.451262
-795.432277
-1400.228450
-874.454570
-1155.281123
-1169.618022
-597.136104
-923.099681
-1706.359050
-1724.448230
-1202.943187
-1790.891155
-1213.944648
-2081.561785
-1383.110293
-1026.737102
-597.136104
-1382.809154
-1852.568736
-949.710567
-2203.714938
-1517.445628
-1305.583705
-1594.737544
-1350.548892
-1621.782619
-597.136104
-1044.471721
-901.973582
-1578.898036
-1004.084605
-1870.597976
-840.086604
-2280.979103
-1877.676137
-1549.102519
-597.136104
-1833.182162
-1156.507213
-2505.401641
-675.534007
-3118.161628
-1363.182414
-1706.267818
-1435.359965
-1574.336482
-597.136104
-2162.258418
-1634.733958
-1517.236201
-2558.590323
-1027.920054
-1514.341807
-1566.215480
-1796.509082
-1777.710078
-597.136104
-1536.221639
-2327.970286
-2485.725947
-1707.131312
-892.814845
-929.834361
-1234.469142
-1858.045024
-1123.313273
-597.136104
-2209.928222
-2599.772195
-2649.837367
-2216.934688
-3135.018645
-2778.181964
-2197.244365
-985.914546
-2098.937816
-597.136104
-1440.097920
-2400.467796
-1479.457881
-998.146266
-2961.405131
-2774.477191
-2320.821300
-1267.558284
-1420.347255
-597.136104
-1517.798182
-1342.996608
-1808.976237
-3406.236847
-1645.241893
-1560.222682
-1004.488460
-1412.535948
-1468.589843
-597.136104
-1484.736074
-1470.292521
-1687.766292
-1357.497035
-1330.208262
-1090.538585
-1442.606277
-1447.994548
-1509.594371
-597.136104
-1325.919993
-1600.899123
-2477.233391
-1611.680202
-2007.615962
-1439.331347
-1465.272265
-1479.520446
-2080.539451
-597.136104
-900.348094
-1148.893527
-2127.903213
-1623.392313
-1662.432532
-894.769923
-1883.820964
-2296.128660
-2046.438617
-597.136104
-1407.292476
-1698.182753
-1608.002734
-1309.486331
-1956.427768
-1589.418895
-2395.223125
-1025.176387
-969.861598
-597.136104
-2157.598807
-2044.773421
-2220.745234
-2356.474038
-1634.689725
-1612.124843
-1710.290973
-1807.668941
-2140.891893
-597.136104
-1256.724696
-1714.232104
-1210.585040
-2428.873466
-2120.618755
-2264.837764
-1856.853717
-1060.301265
-1923.106902
-597.136104
-1293.454623
-1303.510554
-1197.269794
-891.441752
-899.133296
-1053.662715
-3415.833487
-2475.114936
-2312.919505
-597.136104
-982.215823
-1811.521461
-1552.443973
-1645.771197
-1135.764949
-1470.945262
-1174.559070
-1912.763286
-1408.357461
-597.136104
-1317.372508
-1293.158793
-1344.515788
-2557.388704
-1538.631282
-1065.225291
-1156.226665
-1618.511455
-822.492518
-597.136104
-752.348628
-975.109393
-870.734385
-1529.869899
-1261.196986
-1237.423999
-853.029704
-1326.197108
-2209.812244
-597.136104
-1989.788905
-1327.137881
-2781.123599
-1406.246066
-1320.212039
-1107.989085
-1554.010535
-1239.202327
-1781.828647
-597.136104
-1507.686988
-1609.792827
-2323.311717
-1817.243933
-1867.307254
-1835.493384
-1980.786326
-1680.974189
-1398.165217
-597.136104
-1861.781482
-1250.833110
-3239.719020
-1141.767535
-2123.011828
-2525.990268
-1228.015544
-1925.186954
-1516.741527
-597.136104
-1567.386256
-1577.409793
-1804.588439
-1155.936641
-2120.281703
-1788.677592
-1311.922412
-2043.969756
-1670.369449
-597.136104
-1319.376674
-1286.143870
-2248.224471
-1669.547160
-937.522716
-1557.729259
-1001.270137
-1608.807536
-2462.115069
-597.136104
-1741.837987
-832.013652
-1185.591102
-1559.306453
-2072.267589
-1503.072062
-1244.905452
-1245.642123
-1596.717586
-597.136104
-1751.298732
-1545.410304
-1443.454173
-2189.920177
-1856.700374
-2467.645076
-1794.411143
-2999.452861
-1807.831973
-597.136104
-1662.468059
-1894.946971
-2013.110213
-1921.724093
-2335.780574
-1564.735473
-1346.282422
-1995.662417
-1133.859721
-597.136104
-1807.959483
-1473.662234
-2518.015433
-882.458735
-1711.401768
-988.809199
-981.428355
-2009.524646
-1854.405940
-597.136104
-1590.244639
-1116.972972
-2363.774165
-1309.235881
-836.240527
-1414.203898
-1146.021464
-1818.779338
-1843.655429
-597.136104
-1251.040324
-1223.437831
-1068.774541
-812.106853
-1296.769473
-725.766059
-1269.630153
-1426.740527
-1560.132777
-597.136104
-1522.133067
-1309.523440
-1232.384379
-1477.609767
-1177.292125
-1615.213456
-1771.540563
-1783.961375
-962.414630
-597.136104
-1331.672496
-2402.729728
-1098.952434
-1208.878642
-1747.491389
-1636.788920
-1121.118358
-2792.574859
-1669.639789
-597.136104
-1372.722362
-1467.497989
-1330.861323
-1363.365825
-1900.779170
-1572.717893
-1332.960536
-959.996120
-1922.507243
-597.136104
-1356.739512
-1607.719707
-1807.620933
-1787.966685
-1188.548106
-1415.263392
-2445.637328
-1320.078578
-2433.139880
-597.136104
-2184.031940
-1621.864757
-2047.325389
-1642.181567
-1582.836452
-1128.748958
-1965.624415
-1100.100596
-1928.927249
-597.136104
-1688.264491
-2532.401759
-2087.766002
-2189.455039
-1844.258940
-1733.444858
-1576.238528
-2429.712742
-2719.810217
-597.136104
-1941.442948
-1871.690688
-1257.231929
-2605.188571
-2174.607341
-2315.660991
-2881.044582
-1974.802490
-2226.545009
-597.136104
-1277.071513
-1153.458430
-2204.856643
-2114.141914
-2377.911776
-1486.392985
-2911.615260
-2133.309169
-2070.115948
-597.136104
-2413.213285
-1161.482997
-2269.018680
-3243.753543
-2665.640491
-1894.727817
-1306.701938
-689.868800
-986.065608
-597.136104
-2804.296211
-1124.112910
-617.028789
-1663.484569
-1294.968959
-1628.872836
-1547.242073
-2632.033526
-1020.509654
-597.136104
-1545.044593
-1050.422220
-1088.667224
-1210.409694
-1644.581019
-1480.052836
-1953.525821
-1005.993403
-1650.111499
-597.136104
-1054.562800
-1224.113696
-1958.697368
-1575.809864
-1028.944179
-1572.859771
-1400.927135
-1788.575725
-881.503718
-597.136104
-2007.021945
-1657.369937
-1026.232936
-2254.029605
-1832.046247
-1050.857402
-1099.861842
-1521.809440
-1651.985156
-597.136104
-587.750606
-1806.275302
-1576.459544
-791.055644
-2107.910060
-1198.211066
-708.938533
-1094.837764
-852.575648
-587.750606
-1921.238948
-2003.941508
-963.611568
-1129.941974
-1069.132655
-863.969798
-1087.551448
-1643.074672
-963.112849
-587.750606
-2442.657211
-1470.478374
-1555.345561
-1296.711116
-1906.955100
-756.265391
-1035.061961
-1353.788554
-1503.400693
-587.750606
-1738.225871
-1270.351756
-1294.964595
-1362.751948
-1787.029819
-2308.352801
-798.977153
-2625.538253
-1053.349124
-587.750606
-1504.552154
-2557.234981
-1607.794612
-1136.543101
-1058.317073
-2179.529429
-960.078929
-1629.160914
-1143.426780
-587.750606
-1149.170177
-1017.525416
-1713.614184
-1178.856410
-1127.121730
-2058.310430
-1784.923366
-1255.152751
-2236.886889
-587.750606
-946.893950
-2054.522777
-1628.498595
-1506.605548
-1305.394984
-817.852328
-1357.847102
-1262.862544
-810.582026
-587.750606
-1666.768910
-1438.723414
-1631.778835
-1022.076777
-1407.376184
-2118.478381
-1362.425891
-1196.892981
-1162.633662
-587.750606
-1166.173594
-1098.476008
-1300.188749
-2176.851783
-1246.521480
-1535.282407
-1914.526320
-2692.395579
-999.046428
-587.750606
-1162.460460
-1723.254982
-1587.746760
-2463.315295
-969.695476
-1301.861201
-1192.594890
-1468.134364
-2120.240963
-587.750606
-1430.547809
-1427.177409
-2347.407149
-1081.795211
-2003.815440
-1467.082484
-1290.880870
-1788.884990
-935.105739
-587.750606
-2320.026637
-2368.609424
-2065.482181
-2673.148884
-1066.743220
-1328.615230
-1397.889091
-1361.072474
-1368.280379
-587.750606
-1270.162730
-2284.418930
-925.932796
-610.824672
-1727.685447
-992.243434
-1652.354732
-2160.412489
-2160.738860
-587.750606
-1628.829787
-1024.394694
-770.239818
-978.482188
-1189.880900
-1069.697505
-1209.957393
-1677.993297
-2324.784126
-587.750606
-784.919627
-1181.613231
-1056.262439
-1063.370761
-1447.590762
-919.718165
-1939.008410
-883.883708
-1113.874751
-587.750606
-1162.704852
-1832.003655
-1348.595805
-1777.851367
-1381.551814
-2183.215434
-1728.201596
-1300.399638
-1157.226844
-587.750606
-1340.737910
-1558.127021
-1470.398665
-1538.059291
-2199.115306
-1811.798985
-1016.926570
-1346.003589
-1253.631778
-587.750606
-703.990413
-2090.790335
-1677.061618
-2121.512790
-2139.485141
-1749.863312
-2012.623973
-1571.749873
-1889.675809
-587.750606
-1801.484092
-2023.444171
-2270.847854
-963.074107
-2083.314968
-2020.100337
-2006.395228
-2293.357615
-2744.858966
-587.750606
-1517.580308
-1484.156306
-2220.643501
-1592.586223
-1679.058265
-917.547496
-2130.154758
-1030.039836
-1985.595218
-587.750606
-1535.258769
-1183.334498
-874.824931
-1586.272105
-1941.103637
-1368.168872
-2060.748919
-2511.291282
-2047.844819
-587.750606
-1079.820170
-1043.402415
-1943.706298
-2463.246230
-1067.583400
-2251.666286
-1554.869079
-982.831813
-1759.038188
-587.750606
-907.545772
-1528.713229
-1950.463843
-1668.232135
-2216.208533
-2448.838000
-1995.418925
-1792.854770
-2114.629107
-587.750606
-1655.302325
-1870.043635
-1778.302417
-1933.113990
-2164.359645
-2241.167007
-2405.349528
-2452.804423
-1819.870296
-587.750606
-2700.538224
-2054.880808
-2183.185161
-674.600749
-2293.126178
-2572.358172
-844.223567
-1967.995891
-1650.431102
-587.750606
-1000.588189
-1774.666057
-1795.612704
-1252.484065
-1076.899272
-1562.333293
-1947.822398
-1538.722819
-2749.770011
-587.750606
-1400.674197
-1458.461377
-2642.323686
-2475.253123
-1141.460643
-1046.839786
-1759.082126
-1388.292796
-2130.795665
-587.750606
-1594.841113
-1359.221416
-1789.007319
-1343.577865
-1289.336810
-791.760707
-1036.023845
-1555.129573
-1990.937083
-587.750606
-1489.814578
-2075.948543
-2672.719394
-1546.025851
-1714.929315
-1762.944179
-2641.829799
-2611.061141
-1806.751203
-587.750606
-1641.131580
-1509.741523
-1339.427760
-1898.491763
-2653.520526
-984.682857
-485.979396
-2243.173480
-1926.297244
-485.979396
-1197.139003
-1276.772400
-1174.252219
-921.252269
-1453.646998
-1647.015422
-1134.454097
-1287.925624
-1748.260798
-485.979396
-1034.608832
-1415.274493
-1532.841182
-1208.533900
-1514.175096
-1114.345881
-1043.989875
-1227.466731
-772.013988
-485.979396
-1352.678584
-840.184329
-1590.760814
-1937.117915
-1438.068126
-1405.576907
-811.089402
-969.902110
-999.636714
-485.979396
-1285.084865
-1396.394465
-1451.852775
-945.496013
-955.723586
-1450.221965
-1024.730342
-1351.649928
-1326.381705
-485.979396
-1070.821467
-738.400905
-1532.991136
-524.467189
-1897.280993
-1596.530631
-1713.689230
-1074.169536
-1409.193572
-485.979396
-1232.242502
-714.848483
-1511.718966
-852.086406
-1249.196103
-917.938457
-1194.090377
-1392.291484
-1654.882501
-485.979396
-853.865504
-1517.025920
-1040.507282
-1239.322391
-1686.317393
-1027.208179
-954.093349
-1908.240359
-1215.529792
-485.979396
-1631.642215
-1758.105701
-1098.429240
-1529.856620
-1269.871805
-506.889567
-1393.457133
-1562.221046
-978.719003
-485.979396
-1831.958716
-1010.840493
-1099.715493
-1106.058024
-1061.014133
-778.423148
-906.140101
-1173.566623
-1071.874436
-485.979396
-1103.600581
-994.484508
-1597.723376
-1602.516749
-2018.271462
-1987.982329
-1565.725791
-1194.251735
-1605.029651
-485.979396
